1463226057.02432 -7.69849386473739e-09  3.52083068450231e-09 -1.15900423589893e-09 3.91401822213029e-11 3.16667263996107e-10 -2.13123869321195e-10 1
1463226057.40328   0.0425393006304851 -0.00164699064067633   0.0576505037160301 -0.00589841882588676 0.00289518016592526 0.0176015446055676 0.999823490529533
1463226057.63784  0.0757458549264243 -0.0129865557168066   0.108070429910169 -0.00570272687949108 0.00730173256241793 0.0118067344695405 0.99988737597236
1463226057.82783   0.101579319198302 -0.0326380330139274   0.148696507117569 0.00889810305703719 0.00120877976518314 0.00030373424813548 0.999959634364794
1463226057.96977   0.113822991125806 -0.0483545449151197   0.172736127298476 0.0376745569413139 -0.00814201038331028 0.00116233073624264 0.999256215599109
1463226058.25437   0.140552191093264 -0.0572882655826391   0.206690129714547 0.046328203406205 -0.0184253815691022 -0.00341344593940344 0.998750495003635
1463226058.44405   0.158689891227508 -0.0473658538521498   0.231105665076906 0.0160531814768513 -0.0336403634179016 -0.0102020067134863 0.999252991175208
1463226058.68105   0.192583374589342 -0.0501547315336019    0.26420503565988 0.0210507956951089 -0.0531284507578475 -0.00343729794172824 0.998359863327615
1463226058.8712   0.226804266735019 -0.0541904375506336   0.293636785083096 0.0292483748149821 -0.0662260412588709 -0.0145662531887902 0.997269506351167
1463226059.10789   0.263096412897094 -0.0563672470006323   0.321182360064836 0.0410934625566493 -0.0800133738242209 -0.00433202246416602 0.99593695630082
1463226059.39226  0.281902047123727 -0.056852993175473   0.35343778286383 0.0203855504712528 -0.0860960262523494 0.0292183345942269 0.995649633414827
1463226059.63143   0.281810157218011 -0.0595064552098357   0.392655778577014 -0.0033506901425556 -0.0862170477739037 0.0320545049414001 0.995754940867321
1463226059.81923   0.279383380925802 -0.0771039441904098   0.436410807477851 -0.0123220772291854 -0.0748436967690372 0.0100206325644521 0.997068791202348
1463226059.96412   0.275431034805869 -0.0936382381785652   0.470627870528279 -0.0221594300031184 -0.0857580619470693 -0.00671351082309209 0.996046908155157
1463226060.10367  0.269672720851748 -0.112701256531962  0.503486524242043 -0.0172469187848171 -0.0943370643252259 -0.00683585269927332 0.995367436279087
1463226060.2953  0.262585652375205 -0.134797913189984  0.538465458348032 -0.0199650534056457 -0.0913191031146559 -0.00692590189483849 0.995597433670752
1463226060.53122  0.248608630891845 -0.154548418676079  0.573084860020396 -0.0383675797610996 -0.0963092296748132 -0.0195660263873257 0.994419243435147
1463226060.72015  0.236507842672498 -0.174649118248653  0.606991731658471 -0.0306120936174291 -0.115173342453349 -0.016905190695712 0.992729678935823
1463226060.86308 0.228904089487684 -0.19337613715575 0.637093712902402 -0.0231363737500574 -0.124168105351704 -0.0160772629964771 0.991861135158349
1463226061.00468   0.21911923087841 -0.213794879652722  0.665200289084388 -0.00770316692757095 -0.13486618978688 -0.0234180690846231 0.99055709886508
1463226061.19459  0.203257452317411 -0.239596463872167  0.690880458249736 -0.00255154902181763 -0.124808557941937 -0.00449589177836859 0.992167375203983
1463226061.38409  0.175737159315036 -0.261645241869952  0.711317485163603 -0.0098104003074155 -0.113380268083039 0.0280200311056639 0.993108024694224
1463226061.52915  0.146112676139019 -0.275345563171932  0.723096202806479 -0.02239238068795 -0.106636680644773 0.0402793293803593 0.993229467571749
1463226061.66853  0.112549762004018 -0.288537092508878  0.731515383249649 -0.0444422225700248 -0.0836572892610328 0.0702848545277127 0.993018824610365
1463226061.81319 0.0765776788061515 -0.302938059110739  0.736213084784936 -0.06424025534798 -0.0588244759234933 0.0974068377642198 0.991425629375158
1463226061.95509 0.0406922670845111 -0.314174053312822  0.737875587453955 -0.0839382434141642 -0.0439350456245512 0.129573427040722 0.987033337868299
1463226062.09542 0.00923611793023333  -0.322133726248507   0.732653870349395 -0.0904289030807852 -0.0177004251125299 0.151959628748022 0.984082100065439
1463226062.2378 -0.0209907150471441   -0.32147339946619    0.72118912788071 -0.103390898258566 -0.00834676693050704 0.152295538412852 0.982876758611493
1463226062.3797 -0.0479947199855722   -0.31461705524018   0.701789674230789 -0.116179156816656 -0.000282979736093625 0.155647723766775 0.980956731731865
1463226062.52223 -0.0698343017003403  -0.306319395825261   0.674546396322265 -0.116673855943032 -0.00975752119615841 0.149946874872668 0.98173720355063
1463226062.66427 -0.0847759139742035  -0.292959082533619   0.640554972512112 -0.116616190371986 -0.0241737997812363 0.141300637004674 0.982776893058305
1463226062.75923 -0.0931442355645885  -0.281993679833999    0.61601807213488 -0.113898499920104 -0.0484426592620017 0.126147014092832 0.984259808848781
1463226062.9016 -0.0981128947516577  -0.260643568036579   0.577035609628054 -0.114094662338909 -0.074941914174127 0.107347306868864 0.984805906376322
1463226063.04359 -0.101754836445893 -0.238527086960651  0.540026064902331 -0.114796711465175 -0.106479389470516 0.085660686975274 0.983944155611329
1463226063.18585 -0.100278213429861 -0.216915937740511  0.508002209541972 -0.110946013892368 -0.124486138532046 0.0653469759183652 0.983831264014871
1463226063.32945 -0.0981723208492947  -0.195614503577891    0.47951159982962 -0.107989388013187 -0.146381150128832 0.0391162490570068 0.98253792294405
1463226063.47065 -0.0933954410535195  -0.171566572992373   0.457539750617108 -0.105768974585221 -0.165723628810228 0.0148062477353683 0.980372060952963
1463226063.66027 -0.0770549511828013  -0.139258029950911   0.437333201910035 -0.104662033988099 -0.166408673737591 0.000924013244298014 0.980486184576761
1463226063.80231 -0.0620983794389338  -0.114565264070424   0.426873240383987 -0.112845924500039 -0.153041017400811 0.0160507317382869 0.981624479282848
1463226063.99222 -0.0392261573906879 -0.0882125069321973   0.414589505690585 -0.112220484110021 -0.147143621203116 0.0311446782752215 0.982234863309422
1463226064.18169 -0.00793403399284091  -0.0638952976468261    0.407629870268043 -0.114465834482479 -0.136310025440058 0.0394143532211576 0.983241403959841
1463226064.32726  0.0200836374722284 -0.0495082727054764   0.411058628068446 -0.127966159330282 -0.119739774545695 0.0438989414013031 0.983544575198221
1463226064.46628 0.0521457545469581 -0.043192736332468  0.424808166954059 -0.136263615357288 -0.100021570247665 0.0615579680674912 0.983686194465671
1463226064.56101   0.073596368058117 -0.0454582796503515   0.439149291293482 -0.136071649596848 -0.0837129825816719 0.086185639010295 0.983386332196894
1463226064.70349   0.100577717190004 -0.0575442640467832   0.467328342097923 -0.127986912683048 -0.071650841855279 0.116495619230988 0.982300502770552
1463226064.79851   0.118654162745314 -0.0707292967009985   0.488435505137902 -0.121162287414804 -0.0617559690350279 0.128094452326439 0.982393867896246
1463226064.89296   0.135751152379845 -0.0849420098581774   0.510090553535991 -0.109426190020587 -0.0555702841830774 0.133573186824144 0.983410421042523
1463226065.03521  0.153512673105458 -0.108513604264281  0.536307631113414 -0.0935975690529545 -0.0690817960397515 0.129186281835618 0.984773123673056
1463226065.17757  0.166548146164554 -0.133392192274349  0.555255241964109 -0.0787160563425661 -0.082361431063787 0.127544287357492 0.98526789854814
1463226065.36728 0.178007796827581 -0.16458378570867 0.575455702901071 -0.0686071839773241 -0.0910253252286037 0.122981596241444 0.98584125063807
1463226065.55777  0.182033847605441 -0.196885204930147  0.601672618429894 -0.0590555178710072 -0.081285752793487 0.133634923226189 0.985924327469464
1463226065.69905  0.178075642843067 -0.224842694268248  0.624472730538222 -0.0577370386320647 -0.0748182306998733 0.125954066494152 0.987524298363603
1463226065.84149  0.170019949837389 -0.254686815575856  0.650899416080011 -0.0508446741214991 -0.0673775465530936 0.11815720991429 0.989400808105206
1463226065.93632  0.163134341456128 -0.277165263595674  0.669390192540929 -0.0409282896508222 -0.0555662499040818 0.119557495868602 0.99042580346005
1463226066.07906  0.148908153846152 -0.311291823791317  0.697923803753181 -0.0486104582697869 -0.0470370308679364 0.126037978144422 0.989716610519999
1463226066.17347  0.13788241880724 -0.33769814847137 0.715139722055218 -0.0534900852376568 -0.0421259904583011 0.133499532566763 0.988707280499962
1463226066.26888  0.127297159793733 -0.366243546964189  0.730470550295766 -0.0563054428694073 -0.0348515034386215 0.142750248703245 0.987541106135086
1463226066.36297  0.118261625355042 -0.395710000676261  0.741310850488977 -0.05241071141329 -0.0259679828677171 0.152548863184064 0.986563543587632
1463226066.45954 0.110619915598998 -0.42239527020662 0.747728523011323 -0.0483002330760914 -0.0131290172851972 0.159437037561535 0.985938409558894
1463226066.60075 0.0963553589948499 -0.454611450967684  0.751681807869065 -0.0455498023178295 -0.00716874059827334 0.177331483713973 0.983070378737373
1463226066.79032  0.067847989298599 -0.480236579783261  0.746496883505261 -0.0616493612263763 -0.00276330008628792 0.181581492325604 0.981437660821012
1463226066.93406 0.0375550458021787 -0.486571752674618  0.734914938015547 -0.0884737943380436 -0.0187727479699902 0.169899052342242 0.981302340597582
1463226067.07426 0.00538071004161109  -0.485896023421736   0.717596894687803 -0.0953925405768034 -0.0416738656050642 0.145819029457023 0.983819273431887
1463226067.21758 -0.0200140154857618  -0.475969173501882     0.6941970282368 -0.0979719642178861 -0.0499541547685067 0.131809415995966 0.985156005160328
1463226067.35893 -0.0402457039465019  -0.455307642464042   0.669447141135693 -0.109022836467523 -0.0666958784583462 0.118388565229436 0.984707991512286
1463226067.50129 -0.0525641475080134  -0.431630074088634    0.64703073992772 -0.101588753082513 -0.0782618700067261 0.105079166626947 0.986160825469749
1463226067.64382 -0.0534673332286381  -0.404482126750105   0.628693209135859 -0.0953974177692726 -0.0864762382307988 0.100471125945167 0.986573233853278
1463226067.78561 -0.0436327821183224  -0.375279495200871   0.614214577584371 -0.08939294447977 -0.0812840144483656 0.0848606359467425 0.989040182671619
1463226067.92781 -0.0290607844670741  -0.341764390999406   0.602614192858113 -0.0864741484939939 -0.0830626344714995 0.0693888219593495 0.990357517154278
1463226068.07001 -0.00649285860065064   -0.308157210418801    0.591463067106403 -0.0925833691817214 -0.0754620667486958 0.0615156465844723 0.990933711939538
1463226068.21235  0.023430673992422 -0.279665599303331  0.574846782026878 -0.077917014590088 -0.0705457601629277 0.0614833271687509 0.992558328281347
1463226068.35471 0.0575309809641795  -0.25502368098199  0.552816102322898 -0.043269885335779 -0.0710029476913049 0.0466678821624854 0.995443824239541
1463226068.49689 0.0869663510597861  -0.23321103875461  0.527892019381028 -0.0168843877891747 -0.0645811525138821 0.0505245421524555 0.996489569854722
1463226068.6865  0.117980028378861 -0.208911142534169  0.503679960188687 0.00667975703099799 -0.0614488098896371 0.0584667318135628 0.996373958852897
1463226068.87625  0.140903450879573 -0.191809802458516  0.491879808896484 0.030610556813754 -0.0391209025087045 0.0714351295977345 0.996207594358631
1463226069.11326 0.138218070816269  -0.1903097233435 0.462428410375508 0.0732904991396106 -0.032305111470322 0.0850341001013908 0.993153605606254
1463226069.25655  0.123097829852221 -0.198732788879264  0.425743456249388 0.100450804559076 -0.0160117289373936 0.0956668611899096 0.990202561130772
1463226069.3978 0.0934037663301926  -0.20393108721544  0.382450714243165 0.121091032989238 -0.0243432138193929 0.110266226110605 0.986197611561632
1463226069.54191 0.0554691699340412 -0.207960777439806  0.338605775377632 0.100515351651147 -0.0336542688468197 0.102442096724311 0.989075159474526
1463226069.68625 0.0117665221424492 -0.223165507120437  0.291766033213162 0.0950842754442009 -0.0556309288068811 0.0805511597124487 0.990644078866025
1463226069.8246 -0.0298367864717319  -0.243615356274837   0.248318492217105 0.101450643147631 -0.0754648072321672 0.0657707278906855 0.989791412989158
1463226069.96721 -0.0729597439620488  -0.262638797748505   0.209064194668436 0.100491809426996 -0.103640089360362 0.0496217766888878 0.988280227159131
1463226070.10908  -0.11557554943942 -0.290887068508179  0.167448875879635 0.111428264644843 -0.131699334698027 0.0578271591128399 0.983308215539398
1463226070.20419 -0.146652142009315 -0.312608151019979  0.137717742500576 0.120417666376452 -0.156003631655724 0.070165397698454 0.977874874153382
1463226070.29882 -0.179469419501882 -0.335412875533441  0.106670635822773 0.129816847064969 -0.184827595475546 0.0876460799746051 0.970208488333267
1463226070.39415 -0.209829462227228  -0.35919468667353 0.0751698297888618 0.151549750676034 -0.204666522831057 0.100712274674391 0.961769892038728
1463226070.49139 -0.239228080750822 -0.380612492123571 0.0451938982709275 0.164436990632151 -0.227741806821539 0.104215729979193 0.954061437834276
1463226070.58335 -0.269739125935234 -0.401666648778401 0.0150296885343525 0.184730058501014 -0.247187124434804 0.103257091639046 0.945574589350893
1463226070.67818   -0.30083335168678  -0.418565027207122 -0.0136012573839711 0.211322249391326 -0.27230311614615 0.10973804498841 0.932282940598726
1463226070.82051 -0.348363847629657 -0.426268393327238  -0.04876235916847 0.227184650380094 -0.290503141148107 0.121451038631929 0.92154473837681
1463226071.01002  -0.427417742842192  -0.417111857109539 -0.0877835983619139 0.218251799058187 -0.302673235502776 0.122955308683492 0.919585263466468
1463226071.15323  -0.50322382897111 -0.411063424231706 -0.116445006583324 0.224103239409322 -0.323650191657204 0.107051072305624 0.912999649202955
1463226071.2473 -0.553267427024297 -0.402741569153205 -0.132393495474043 0.211746418715132 -0.345072392505924 0.0921269136862083 0.909725854236433
1463226071.34521 -0.601838469617568  -0.39249532701101 -0.145077489105616 0.200982066391144 -0.361002815558827 0.0738709882067659 0.907648749929785
1463226071.48426 -0.674273921872884 -0.371382447847931 -0.157901356220207 0.197475967195476 -0.375558554573864 0.0527285807936603 0.903979375447299
1463226071.5792 -0.725786958855778 -0.353392067732951 -0.163958724100172 0.192445291378464 -0.39240747934193 0.0373839446935369 0.898656564356997
1463226071.67607 -0.779292038210734 -0.335834878875971 -0.167912733349988 0.177505449098379 -0.405340260941663 0.0207601218030793 0.896526689922196
1463226071.81631 -0.859565204241138  -0.32217154925883 -0.173667799992257 0.167904055793458 -0.419841727445215 -0.00339966038027456 0.891924657273934
1463226071.95885 -0.932187765911451 -0.313482769885141   -0.1807984686348 0.176403440622467 -0.432308203821861 -0.027295036146793 0.883881453616161
1463226072.05343 -0.977835191461082 -0.307834167518842 -0.187156835886015 0.183626228523869 -0.453276145155059 -0.0499570041798144 0.870819408468167
1463226072.19616  -1.04608386413348 -0.296271274413292 -0.190868381503712 0.197839106768427 -0.460090803467022 -0.0862081995525875 0.861245776029144
1463226072.34077  -1.12263124292564 -0.284974929703029 -0.190582713116501 0.195978643233756 -0.461496489549437 -0.0986926327599948 0.859577294819206
1463226072.43282  -1.17903816104751 -0.284773856869487 -0.195510089876187 0.201075515879468 -0.462164594782667 -0.107661970821417 0.856960573353306
1463226072.57656  -1.25919700785816 -0.302804689398665 -0.210079230043846 0.198343899245094 -0.465196511567439 -0.107616460790338 0.855961798577892
1463226072.66976  -1.30691771737394 -0.328437031919996 -0.225251915321645 0.187291444998099 -0.471393868329505 -0.102271238455995 0.855716266829459
1463226072.76488  -1.35414841424291 -0.362738128393564 -0.242889640631383 0.199517831875952 -0.477500303872906 -0.09893392850049 0.849940099275391
1463226072.85941   -1.4032925129454 -0.396996873367735 -0.256377710827475 0.207404940645467 -0.477458044740909 -0.0730321731214046 0.850695778640757
1463226072.95433  -1.45767600858941 -0.427045241040507 -0.265779966092822 0.204896632878768 -0.476792466214112 -0.0500268112621021 0.853336763623456
1463226073.05226  -1.51642596711965 -0.456095019665297 -0.273325685485631 0.196150130618653 -0.476820395346776 -0.04583741916415 0.855608770317368
1463226073.14473   -1.5743248205894 -0.492847090177313 -0.283254691943653 0.20530132576352 -0.473090762007024 -0.0382981416387497 0.855902885198066
1463226073.2389  -1.62795780493038 -0.534108661312931 -0.295500133027575 0.206896444880632 -0.478357510566245 -0.0181923937303747 0.853250836501776
1463226073.33671  -1.67878980871254 -0.576441922842062 -0.310012485249028 0.21179094904976 -0.483426641898023 -0.00670750353155626 0.849351685228314
1463226073.42873  -1.73144365108757 -0.615199938913419 -0.326534480686369 0.212203361550786 -0.491936309138957 -0.0102291931500872 0.844312598925769
1463226073.52601  -1.78426875011455 -0.652735212990109 -0.341317945194907 0.233021426537465 -0.489103605597594 -0.0106151493040728 0.840455826543626
1463226073.61939  -1.83588926743588 -0.686894290074453 -0.352524328967425 0.249175038041197 -0.482681541288044 0.00183768028428054 0.839599281233696
1463226073.76151  -1.91026229616443 -0.738775574473054 -0.370829018646445 0.263453127966173 -0.465977710918793 0.00576884914131132 0.84464426989787
1463226073.90269   -1.9828549951584  -0.79676928182052 -0.394285887655246 0.256349030524915 -0.46712170375935 0.0223051623911966 0.84592255446737
1463226074.047  -2.05328178305844 -0.849624269286583 -0.414308853671598 0.246963086819431 -0.471873299538656 0.0354410704681037 0.845629205654107
1463226074.18721  -2.13296723056094 -0.881209922337467 -0.427780002418261 0.250465839818236 -0.48030701166918 0.0474562621310426 0.839237714125216
1463226074.33069  -2.23275693866728 -0.888019163572722 -0.428922473466561 0.231607391125897 -0.491551311467508 0.0429233436133332 0.83838708908444
1463226074.4749   -2.3358814823978 -0.895261768164475 -0.427836956432399 0.219081722949828 -0.493774646690024 0.0523502712231253 0.839910260717383
1463226074.61415  -2.43523076883963 -0.903824453627538 -0.433831522115385 0.226123365889504 -0.514175413745315 0.0452405181048409 0.826102392455222
1463226074.75629  -2.53219817691396 -0.898453795628743 -0.431486448337569 0.231335161484777 -0.508124658242849 0.0149053121070703 0.829500576502145
1463226074.85121  -2.60424666438864  -0.88553130561728 -0.426936689108608 0.220670876402709 -0.511512618811831 -0.00586682803843536 0.830436502950521
1463226074.94586   -2.6785936746882 -0.872738458342097 -0.427878412308169 0.208321408268112 -0.522248299679388 -0.0253259301369562 0.826569719746542
1463226075.04073  -2.75186979895313 -0.866071702741961 -0.434679924198906 0.215460899561955 -0.530753476699506 -0.0461053333404449 0.818383556756187
1463226075.13681  -2.82040147955824 -0.860767520858256 -0.442613063829489 0.196523500664164 -0.54665940100672 -0.0527455830235874 0.812256065812487
1463226075.23274  -2.88133394806755 -0.858402111497555 -0.449751615289711 0.207251807865789 -0.550445212027704 -0.0629445642832807 0.806284527024627
1463226075.32705   -2.9393253327334 -0.855973382263038 -0.453685296314316 0.248646438299914 -0.537950610014965 -0.0800136978996608 0.801487303738316
1463226075.46943  -3.03323955002489 -0.845331753025244 -0.454262212336308 0.24622774131452 -0.552461640481111 -0.103655113758962 0.789565483412039
1463226075.56237  -3.09459367660643 -0.843479446532997 -0.457632110630182 0.235220700963074 -0.562638989684542 -0.127967318083529 0.782133591292246
1463226075.65714  -3.14918844495018 -0.855369988541489  -0.46770309952007 0.214642499891084 -0.574716537024433 -0.143041431068497 0.776639329617697
1463226075.75202  -3.20333144984102 -0.882992898429817 -0.488192544219736 0.229962954115269 -0.588308011957857 -0.148370575147258 0.760918455047087
1463226075.84685  -3.25903315667687 -0.913189733789102 -0.507876207241367 0.232751598923263 -0.59130275553166 -0.135921985542622 0.760074311067991
1463226075.9435   -3.3210165016687  -0.94196022193508 -0.527967802202316 0.244465997130659 -0.596774928172967 -0.11455061055432 0.75562836035494
1463226076.0365  -3.38701734159757 -0.969897841571001  -0.54806041475859 0.253901002685222 -0.596822850482391 -0.0916665500846776 0.755601753288785
1463226076.13156  -3.45106686233907 -0.998054761697873 -0.568793890266543 0.255886481619827 -0.595962599366581 -0.0754778242870977 0.757399357486749
1463226076.2262  -3.50740717862124  -1.02973181833132 -0.590594246009087 0.250396843850946 -0.595016206330787 -0.0571222229465103 0.761573493786945
1463226076.32393  -3.55995670754706  -1.06497718816826 -0.615940859618666 0.24777068980814 -0.600470799527055 -0.0408335159851116 0.759195052776051
1463226076.41995  -3.61469999924897  -1.09825747441871 -0.642409946588847 0.250317947849745 -0.606036665896671 -0.0255614685149759 0.754590681032106
1463226076.51068 -3.67291642270772 -1.12638465214142 -0.66789094582753 0.259276694353506 -0.614473029612034 -0.0119253295632392 0.745020991757504
1463226076.60564  -3.73346116189531  -1.15145436361939 -0.692198074612696 0.265447464426263 -0.628420126038171 0.0018625514482002 0.731178719412661
1463226076.70049  -3.79159795775194  -1.18090192034122 -0.717076904168798 0.27836419856954 -0.634658235596536 0.0196187803899846 0.720650678484548
1463226076.79565  -3.84563677897909  -1.21022579944057 -0.745287272690852 0.278660208284923 -0.649001084066017 0.0206978877851331 0.707614074648726
1463226076.89228 -3.89356748376463 -1.24382675327601 -0.77825647355939 0.302177620644216 -0.659010335601905 0.0203443648289332 0.68846217758957
1463226077.03236 -3.96618706184549 -1.28513985471194 -0.82828069880099 0.321448207490318 -0.675565203602983 0.0209892779482569 0.663205967851114
1463226077.22206  -4.07325021409614  -1.31124823391038 -0.880557147991524 0.336010658504652 -0.680882434548081 0.0369261683238028 0.649717173690269
1463226077.41174  -4.19579500925975  -1.31654663596043 -0.929570756311913 0.321490989324771 -0.682181107303774 0.0400736793880876 0.655489573403786
1463226077.55388  -4.28906718346496  -1.30848296152207 -0.961931681308688 0.314887241705892 -0.6938171578783 0.00643788413114096 0.647628234477502
1463226077.69624  -4.38529441580912  -1.28225310846628 -0.985916616477587 0.303533046841964 -0.704242015792082 -0.0284934875539183 0.641170019444885
1463226077.84392 -4.48802042956114 -1.24752987325961  -1.0097009792778 0.285216906576944 -0.717985245978431 -0.0765531930615343 0.630307949650053
1463226077.98082 -4.57493860560643 -1.23071589037587 -1.04401666615624 0.3006476578662 -0.725289977167334 -0.0943072545425616 0.612104220358609
1463226078.12301 -4.65058974508075  -1.2186803244483 -1.08226933387052 0.325991454893162 -0.733786633793616 -0.127781976988005 0.582201437441982
1463226078.31507 -4.75751515912986 -1.19272734685036 -1.12733344787258 0.328608754486742 -0.739607617245255 -0.155465602093201 0.566416194642479
1463226078.50223  -4.8723604405607 -1.17137179815025 -1.18708338294524 0.32182987939571 -0.747824410125049 -0.165881060230709 0.556477900914315
1463226078.64478 -4.94299834437986 -1.18060970386206 -1.24509308861771 0.316151564491825 -0.757103034183163 -0.147680636447324 0.552298482270713
1463226078.73963 -4.98396626366208 -1.19036848770733 -1.28704706752237 0.32207224905231 -0.770520710824211 -0.136071851632662 0.532965056804476
1463226078.88194 -5.05542134774851  -1.1954410298938 -1.34717355877681 0.313838285592083 -0.784386583131712 -0.124664005771205 0.520290403875238
1463226079.02768 -5.13619183125013 -1.19850341205644  -1.4119533035961 0.305785547179725 -0.800640341281167 -0.109368044993553 0.503496647241529
1463226079.16733  -5.2106582880621 -1.21594719009258  -1.4835691222896 0.30472126874302 -0.817191314153972 -0.098138969676227 0.479282846634258
1463226079.30863 -5.27564067800945 -1.24212505056902 -1.55311391998739 0.308124563532298 -0.823751592629679 -0.09517281278685 0.466298941339499
1463226079.4516 -5.34367494392773  -1.2637675610711 -1.62493559043463 0.318149201010023 -0.825648330337696 -0.0836740752282603 0.458349833251802
1463226079.59326 -5.41542973522327 -1.28069421556533 -1.69864234762601 0.329179335069691 -0.823476618630144 -0.0551998199355001 0.45878121562639
1463226079.78279 -5.49990531413517  -1.3114647190464   -1.805665084962 0.303569153798943 -0.839083540262295 -0.0291096043825993 0.450485529462796
1463226079.97877 -5.56466884701169 -1.35244935861251  -1.9157131624446 0.29950449169761 -0.851594411140992 0.0101196712601455 0.430094885600806
1463226080.16265 -5.64027691645161 -1.36342033199954 -2.01089685794499 0.305936924805445 -0.85630475628722 0.045498437699057 0.413611719572134
1463226080.39943 -5.75369806727914 -1.33218507616469 -2.13545617892384 0.275338735119517 -0.877757290982369 0.00882927197046667 0.391985666863662
1463226080.5414 -5.81816106672315 -1.28938181450248 -2.21028537017098 0.273842777600036 -0.886491037456438 -0.0543232279649701 0.369043033492262
1463226080.68591 -5.88854780695218 -1.23096967061531 -2.27645950806374 0.263524739448462 -0.889773283054992 -0.0972557506915379 0.359721469219709
1463226080.87349 -5.97439282659592 -1.16482782135494  -2.3739853055694 0.273844725978066 -0.884536992683748 -0.14707903001287 0.347809047551185
1463226081.06292 -6.04652450994406 -1.12034157084785 -2.46780777205837 0.261739280557982 -0.88819892202004 -0.167179999917837 0.33859425801821
1463226081.20669 -6.10600252964695 -1.07490469424973 -2.52627387770809 0.261209468053463 -0.884901619622804 -0.205215844346203 0.326504509337068
1463226081.30009 -6.15245001140359 -1.04025360746555  -2.5624330413491 0.247418137590251 -0.881239010544595 -0.240515130169088 0.323039538826907
1463226081.44255 -6.21756922728238 -1.00191390800062 -2.63089524748214 0.242601739111409 -0.885070893708907 -0.254738375344302 0.304798735916641
1463226081.53721  -6.25209116893029 -0.992357492189416  -2.68010057342699 0.250032698393765 -0.889375836093333 -0.250822067616162 0.289106489556999
1463226081.63539  -6.28127070339832 -0.989002391644737  -2.72877514713191 0.269150645307708 -0.892004785473699 -0.24728490234145 0.265961594777223
1463226081.77424  -6.33112450076146 -0.982517215516226  -2.80400062453778 0.271973598076261 -0.895230153331671 -0.240043123749446 0.258790713233327
1463226081.87189   -6.3707983719277 -0.975343011213159  -2.86209277942904 0.269119407583035 -0.89997514837863 -0.225957589157938 0.257997373368318
1463226081.96397  -6.41206453722769 -0.968813427712588  -2.92575463612809 0.274589264177911 -0.902114664393489 -0.210847655826303 0.257552197266902
1463226082.11047  -6.46628542717081 -0.971371678098685  -3.02488399202148 0.264591206244188 -0.904634073739415 -0.203150902353205 0.265251573192233
1463226082.24856  -6.51018224758557 -0.986199396697575  -3.12125289606154 0.23908947798715 -0.912044570804017 -0.201677158631824 0.265211700475191
1463226082.39073  -6.55581120901602 -0.998394983724669  -3.22193648382313 0.237613390743366 -0.919759285283922 -0.176008506979969 0.258077002354205
1463226082.4856 -6.58794921585145 -1.00535592508708 -3.28864381477161 0.234697519950173 -0.928760255308428 -0.143330807445281 0.248551286308774
1463226082.6278 -6.63154642378117 -1.01777872808277 -3.38380325058788 0.23202495496624 -0.936824175332515 -0.119752218510337 0.232775194011992
1463226082.7701 -6.65953925558807 -1.02997248047389 -3.47709109298766 0.231603027478568 -0.945917991555658 -0.102315509647521 0.202807118710462
1463226082.9598 -6.70221865963628 -1.02857128865098 -3.59647205411514 0.237934445206062 -0.949999490707923 -0.0731208448347828 0.18852455938105
1463226083.24451  -6.80574152835477 -0.945232839862903  -3.76752707708506 0.222888131570177 -0.951208126408908 -0.0971228611508158 0.189976658831265
1463226083.43401  -6.87024503634577 -0.890210795819804  -3.87582689596022 0.217112809679699 -0.950720275199922 -0.125293455824023 0.182467904367986
1463226083.67106  -6.96507316362622 -0.796278720305116  -3.99824980997655 0.225423493791547 -0.942578502041646 -0.153705824060251 0.192625376276593
1463226083.86165  -7.02315995928093 -0.744081433810854  -4.10068008053197 0.23830229768775 -0.935789798083501 -0.184669323326639 0.182775024939571
1463226084.05097 -7.06993365013724 -0.70679592101106 -4.21735474714418 0.256340441631857 -0.931413884523487 -0.197447473617966 0.166650079096098
1463226084.24212  -7.12617686573951 -0.646082953306786  -4.33574497982998 0.262493705405599 -0.931856275439582 -0.190914754481841 0.162149600885872
1463226084.42976  -7.16659028852563 -0.606927372300967  -4.44941588506368 0.254115659485094 -0.929561873475212 -0.208245611475193 0.167253461210919
1463226084.57333   -7.1974563380597 -0.568214287814128   -4.5322418424224 0.255814484194665 -0.927339885459152 -0.224046053406667 0.156214763917248
1463226084.71854 -7.23722063049499 -0.53434197884829 -4.62659627478954 0.244127948461785 -0.935849036680995 -0.206504138508528 0.148135634139613
1463226084.81156  -7.26109195509485 -0.527178646635626  -4.69887659968824 0.248854232930519 -0.940121596309675 -0.191275640064335 0.132878081046842
1463226084.90401  -7.27982973443797 -0.531025202911998  -4.77006237307463 0.252966796474802 -0.944672490988851 -0.172157067288603 0.118167799475079
1463226085.04634  -7.30762347814763 -0.529944346739672  -4.87550709660979 0.249036269985786 -0.94704231601289 -0.171682691831007 0.107781451271393
1463226085.19191  -7.33824277919626 -0.517484475618057  -4.98025732176232 0.245975387569916 -0.951171732904949 -0.154546656637429 0.104325328442421
1463226085.33391   -7.3675780325475 -0.501633756563619  -5.08872582682702 0.249647010123293 -0.953289570256626 -0.12896159523592 0.110834437476102
1463226085.47303  -7.39330222061326 -0.497925477563308  -5.20085328927877 0.234560819221993 -0.958302071451897 -0.113409076655281 0.117374372284186
1463226085.6644 -7.41706680306609 -0.49590417478395 -5.34818737650134 0.220776524081649 -0.962380206548523 -0.107509128232218 0.116292096914602
1463226085.85229   -7.4435978887869 -0.480834750819178    -5.488889776551 0.221144101159487 -0.966151754932902 -0.0920128218567033 0.0958108218125821
1463226086.04206  -7.46327347983282 -0.460223406292717  -5.62202499387572 0.204349405924922 -0.973070340094538 -0.0786085682870583 0.072084162742527
1463226086.23164  -7.47603287824263 -0.437811467787056  -5.74958070657589 0.202091456222339 -0.975055948191248 -0.0820051532971113 0.0412322210354784
1463226086.42145  -7.51251911203996 -0.354177054232698  -5.86502869344139 0.199484069902233 -0.972642041479883 -0.116911456312725 0.0224783536747124
1463226086.61472  -7.55166393835978 -0.263704729172825  -5.98396847131637 0.206405139894524 -0.967035621871958 -0.147177562628851 0.0240372484795745
1463226086.80076  -7.58401170679648 -0.186709415478794  -6.09374192743719 0.214951930134072 -0.963156993801625 -0.161594896413509 0.00337082716270494
1463226086.99033   -7.62483555851131 -0.0934322145801223   -6.19414562135567 0.220750852685222 -0.95563416669833 -0.194128137091432 -0.0186189921034092
1463226087.13264   -7.64866967426969 -0.0413357182972756   -6.27543761629515 0.229853354398988 -0.948446484698323 -0.211701494006916 -0.0529072638695981
1463226087.27727     -7.6645789718932 -0.00270213807549835    -6.35516075903491 0.237748309532986 -0.937556183500801 -0.241283386986972 -0.0790346206273908
1463226087.41713 -7.67825401972431 0.045225431710594 -6.42802188050961 0.245860948363391 -0.925627454252301 -0.269962379663235 -0.0994309990436735
1463226087.60709 -7.69791864680123 0.123513380587753 -6.52997318769638 0.263614148369361 -0.919413976935172 -0.264889454165561 -0.122552424976491
1463226087.75209 -7.69822614873262 0.171371937097265 -6.62101786865395 0.264125410127198 -0.918929596651162 -0.257586627189355 -0.13948223405468
1463226087.89161 -7.69270853527725 0.202258655630431 -6.70565591573737 0.257020716999017 -0.915635122339987 -0.267800875982974 -0.15438706096529
1463226088.03565 -7.69323354107621  0.23974472661574 -6.79339278543712 0.236391822356596 -0.920931911514866 -0.26581652040491 -0.159200810790422
1463226088.12863 -7.69739123692212 0.267879732288152 -6.85867294611156 0.226968756959924 -0.927385996959546 -0.252012392975356 -0.157892842758155
1463226088.22338 -7.69931782871274 0.289711461323547 -6.92784937737629 0.221865966161085 -0.932005066447891 -0.237282882633063 -0.160744775293677
1463226088.31822 -7.69403345165109 0.301233148464255 -6.99866438542584 0.217102077915297 -0.933327206419456 -0.223146485066612 -0.178809003477258
1463226088.46065 -7.68519399897563 0.308221513530619 -7.10111246016496 0.218325167609416 -0.934476364719909 -0.21134259338952 -0.185532620278961
1463226088.60258  -7.6774653929335 0.325908965260465 -7.20054917888246 0.21087662992468 -0.937250233537913 -0.208136484978202 -0.183772278392733
1463226088.74705 -7.66783316053896 0.352278048349376 -7.30261235047545 0.198798060705422 -0.942312156725985 -0.197658625517808 -0.182915822455569
1463226088.88718 -7.65743309800663 0.374888786464398 -7.41517456948382 0.203095441348455 -0.941373830756958 -0.212521055639174 -0.16553656206246
1463226089.0312 -7.64000337942529 0.383676150144673 -7.52321101477999 0.176580078410172 -0.945769843028181 -0.21866661005793 -0.162861270942115
1463226089.1724 -7.62537082201247 0.395989418719624  -7.6260050530416 0.156285407910369 -0.953449468835733 -0.205048128792095 -0.156410506456596
1463226089.31383 -7.62618748302498 0.413551208896175 -7.72576772878536 0.150006816275006 -0.962003114948138 -0.176056449851573 -0.145093378094165
1463226089.55104 -7.61209242728479   0.4406107526689 -7.88803657359483 0.138009381129042 -0.957664640286654 -0.184906196931311 -0.172167203036499
1463226089.74165 -7.59120033092777 0.458585183121789 -8.01200282892681 0.124855764517938 -0.962593741997378 -0.147464234980291 -0.18994374255501
1463226090.02573 -7.56807684881453 0.555321249737164 -8.18307178978227 0.137831042488385 -0.962740687390313 -0.118957358895327 -0.199955293339388
1463226090.30978 -7.55590309186359 0.685884305839948 -8.34522505038202 0.159766310603058 -0.953760373064343 -0.135726890607339 -0.215392868810727
1463226090.45224 -7.56327871941864 0.776474482889663 -8.42149739870388 0.159229946053225 -0.943476737790324 -0.179503490722841 -0.228639380568462
1463226090.64789   -7.560623782324 0.876972519430524 -8.52457098993698 0.155003529337704 -0.931112644817477 -0.2209734400447 -0.245303663545147
1463226090.83123 -7.54710273657719 0.953445046300772 -8.61927465565972 0.171024670073184 -0.912093473480191 -0.254615524763314 -0.272042262177591
1463226091.06843 -7.53682043656311  1.06731507188385 -8.74224957488182 0.183570003622034 -0.896828015880661 -0.27506539434746 -0.293837697605738
1463226091.25813 -7.52452834966762  1.14588598953693 -8.85387322214028 0.197009222297611 -0.888382557299794 -0.290490686868028 -0.295937424226998
1463226091.44781  -7.5069895485765  1.20791678495956 -8.96595160165261 0.191666215109036 -0.88173333539871 -0.312588114488602 -0.296814854602836
1463226091.59016 -7.49340833289444  1.25900183173177 -9.06221508367799 0.189000104221294 -0.885416573575513 -0.291404716576328 -0.308868488193937
1463226091.73228 -7.47217352253534  1.29630439683552 -9.16178740324298 0.17840191845872 -0.889284841639012 -0.264142482143095 -0.327984717705886
1463226091.83285 -7.45074247920417  1.30917725907447 -9.22611305991214 0.169213995293612 -0.887177233243382 -0.241943239501579 -0.354607740286183
1463226091.92205 -7.42543739557188  1.32226350177792 -9.28116992638191 0.171447684453874 -0.873905217457611 -0.230952287896668 -0.391862735037494
1463226092.11159 -7.38587859025941  1.37449510495368 -9.39420680566369 0.162271245617069 -0.863408442840048 -0.230708789981218 -0.418290996680315
1463226092.25504 -7.35067723060091  1.41421398195873 -9.48788424560213 0.141201460273024 -0.874178857384761 -0.201456295954348 -0.41867509328666
1463226092.44501 -7.29263009036091  1.44310200105005 -9.61666409553469 0.115576907456634 -0.873581789715225 -0.186169325363136 -0.434554734681995
1463226092.68191 -7.21876898008488   1.4851914791732 -9.77121841516568 0.0959148856496924 -0.869141999708052 -0.156681680921024 -0.459176839483501
1463226092.91797 -7.15202245864548   1.5407180890593 -9.91582311679841 0.0623120979751196 -0.860678744547166 -0.130263235000333 -0.48824255318223
1463226093.20236 -7.08231185643073  1.64436276596309  -10.043999883097 0.0623949946629726 -0.831940991768564 -0.157782037713914 -0.528285793326861
1463226093.44061 -7.01694479002049  1.77200257453299 -10.1373646225821 0.0888101733328526 -0.81216973494166 -0.181877430241887 -0.547187056796842
1463226093.67648 -6.94644792138502  1.87020731414541 -10.2312801626636 0.0847184916341677 -0.792527667904102 -0.212423717649401 -0.565330732369756
1463226093.86625 -6.88990067770258  1.96226344691583 -10.2982911863759 0.0895210170719024 -0.763611188479419 -0.221750271894818 -0.599758915937093
1463226094.05657 -6.82961229323539   2.0335038957719 -10.3763101208618 0.0913806968883809 -0.737398952475585 -0.220555633618437 -0.631860400407617
1463226094.24552 -6.76985417908001  2.09210813415508 -10.4460874900666 0.0890761323705951 -0.711233536621356 -0.22057268008564 -0.661483175770036
1463226094.38799 -6.72947452160255  2.15783378926093  -10.490725160947 0.102952952671894 -0.677037717738318 -0.251887717802179 -0.683793240619004
1463226094.57741  -6.6461100481361  2.22727823961054 -10.5718083674114 0.0854998005039707 -0.690197459003425 -0.22191823666669 -0.683424866341388
1463226094.76739 -6.55199297978728  2.26794215108696 -10.6624684090561 0.0767130854724535 -0.683182248186949 -0.222621870330989 -0.691242809098116
1463226094.95676 -6.47206066473549   2.3298381723817 -10.7509723021417 0.0646032411454302 -0.681601803026032 -0.206104539715716 -0.699118246117022
1463226095.14836  -6.3982508694956  2.40028624366572 -10.8433801658957 0.0443934466297791 -0.675757748121914 -0.208038646018999 -0.705762431354992
1463226095.24261 -6.35445612583468  2.42249376161787 -10.8872598840996 0.0390062359530935 -0.645235914007017 -0.193851323681711 -0.73795040018903
1463226095.38549 -6.29773370897714  2.45812552681111 -10.9546687925906 0.0416092536646268 -0.62084660469959 -0.192742235713259 -0.758728274163234
1463226095.47836 -6.25853036297462  2.49069765556685 -10.9931737898897 0.040003922284862 -0.607109454666737 -0.191340465890459 -0.770199079698818
1463226095.66805 -6.18230773241803   2.5685582282535 -11.0760435933322 0.0611187721730539 -0.596640164748578 -0.181178071138783 -0.779396892497833
1463226095.81088 -6.11156427627697   2.6086083719392 -11.1394129168236 0.0458200748436498 -0.595548757867485 -0.176609968220673 -0.78232417632904
1463226095.95265 -6.04279806755193  2.63717233636731 -11.1992584676299 0.0173636793358861 -0.585373926693648 -0.174639869784001 -0.791540766144744
1463226096.09698 -5.98239340466513  2.68238824143626 -11.2518711210653 0.00267090526478358 -0.567814394120878 -0.165379545743339 -0.806367959398148
1463226096.23991 -5.92460447068264  2.73587207533137 -11.3079537979255 -0.00833542097180116 -0.549905509347557 -0.159494831220502 -0.819814521925765
1463226096.33506 -5.88487371592798  2.76337253468744 -11.3452431795623 -0.0200301199403989 -0.521647309481412 -0.161681385713426 -0.837461645879836
1463226096.42675 -5.84224000694681   2.7832497817127 -11.3808431910996 -0.0409290815029851 -0.504683537900167 -0.151316354124575 -0.848953884397933
1463226096.57138 -5.78209261756997  2.82327019026394 -11.4274289547534 -0.036666983337881 -0.466426712266256 -0.151103788001805 -0.870786598236845
1463226096.71133 -5.72033733189387  2.88051307089945 -11.4690664866547 -0.0411946959806806 -0.435621992616331 -0.142844142887571 -0.887768003148769
1463226096.85469 -5.64794320957239  2.93364157105596 -11.5131833732766 -0.0514727211215834 -0.423124880440413 -0.128385017264041 -0.8954513844284
1463226096.99585 -5.57370208445834  2.96568761203382 -11.5623807453531 -0.0767429801371999 -0.402064329507285 -0.125652907359338 -0.903695820953967
1463226097.13857 -5.50625124358745  3.00572995495298 -11.6111602671385 -0.071284505701271 -0.371450185204426 -0.130364492810313 -0.916486976542948
1463226097.28346 -5.44053726899767  3.06398735595694  -11.665643902222 -0.0741396284677663 -0.372501984272416 -0.120393582494383 -0.917197346538869
1463226097.42263 -5.37324509172166  3.11639956002435 -11.7175581223523 -0.0898833670880369 -0.34472475364974 -0.116334874272916 -0.927120284305089
1463226097.51951  -5.3271083933501  3.13883382158717 -11.7514361134182 -0.103474003666956 -0.313996402041391 -0.107397438671662 -0.937638085956921
1463226097.65971 -5.25916270284155  3.17228275683614 -11.8005165212236 -0.108602343522137 -0.280973030900082 -0.100515496372135 -0.948238536380686
1463226097.80369 -5.19539917483965  3.22519451341967 -11.8399977347351 -0.110757024711911 -0.255830987566032 -0.0991399185990685 -0.955224928390232
1463226097.94428 -5.12243010645864  3.29077240583516 -11.8805432976708 -0.0939161164140505 -0.238971240601039 -0.0823227343071037 -0.962961825130937
1463226098.039 -5.07352311684419  3.32664115531515 -11.9084334607818 -0.0677577321090461 -0.22054573893265 -0.0881114410348077 -0.969022621375198
1463226098.13392 -5.01848300003289  3.34774769541192 -11.9400587510661 -0.0889947788936958 -0.224976832023383 -0.0892336958982219 -0.966179435663339
1463226098.2761 -4.93766105278065  3.38272020194486 -11.9872991032769 -0.10835734911987 -0.229955098332081 -0.0880820086773417 -0.963130778965226
1463226098.4185 -4.86514857040732  3.43930280230072 -12.0302617906666 -0.107867562270901 -0.221256309962944 -0.0765017927165511 -0.966207902069978
1463226098.56116 -4.79194741069351  3.49705785322813 -12.0761512570744 -0.0950971468914545 -0.203997716136748 -0.0847122400976483 -0.970651997804432
1463226098.70636 -4.71460018711063  3.53297444765765  -12.122879647712 -0.0972543768126098 -0.191127006347645 -0.0831047808985313 -0.97319353112687
1463226098.84831 -4.63756361387213  3.57121397464004 -12.1619932374183 -0.0983892075277479 -0.195031037301256 -0.0917826786819831 -0.971523750726259
1463226098.98746 -4.56068103393769   3.6293534473698 -12.1915491632059 -0.0965894882829565 -0.192567616134731 -0.0886711438018161 -0.972484247803686
1463226099.08226 -4.50637833969631  3.66985204548131 -12.2030420140772 -0.0780572673573196 -0.174730190950299 -0.0723858821622778 -0.978844577778704
1463226099.22459 -4.42037675448252  3.70860145920859 -12.2270839061221 -0.0920391121542943 -0.167590446199141 -0.0735619854095991 -0.978790518180075
1463226099.36683 -4.33147016155466  3.73460238695373   -12.25810342945 -0.104977717070851 -0.156130034472752 -0.0813747025971838 -0.978765165415765
1463226099.50897 -4.24801484112323  3.77284365309237  -12.289567625569 -0.118019290585376 -0.169734660044302 -0.076241110633679 -0.975422413766832
1463226099.6532 -4.16161058922544   3.8315039705157  -12.322201690976 -0.115605789382704 -0.162969678864925 -0.0598689801329046 -0.978004033963926
1463226099.79352 -4.07630697112355  3.87447841448653 -12.3558756598513 -0.113991740902128 -0.140565894415464 -0.0585437755775559 -0.981743214223764
1463226099.93579 -3.99527031339249  3.90359817539625 -12.3889223659042 -0.130422617158516 -0.112087305018871 -0.0518661086110663 -0.98373588110055
1463226100.07809 -3.91515910229898  3.94627065667718 -12.4147816949654 -0.144530686727421 -0.10661757401237 -0.0498663760242972 -0.982474894360167
1463226100.22369  -3.8335954449808  4.00341813852031 -12.4274884159266 -0.136519587395315 -0.0897551449331755 -0.0336362910738971 -0.985989359039046
1463226100.36581 -3.74134197976998  4.05071381652014 -12.4375918134807 -0.109136402481064 -0.0635112033413418 -0.0270121169434274 -0.991627913202256
1463226100.50748 -3.64886462668037  4.07366490092119 -12.4628960415431 -0.12454744301345 -0.0705625198049411 -0.0315731320127953 -0.989197655967952
1463226100.64718  -3.5565584939019  4.10249500436704 -12.4833535769788 -0.153615667406574 -0.0790149039796266 -0.0196324172689931 -0.984770754982346
1463226100.78928 -3.46806860670874  4.14834993205613 -12.4965746095316 -0.171552307820542 -0.0735869260119532 -0.00613286663161456 -0.982403765235271
1463226100.93162 -3.38157605933667  4.18628742763362  -12.506813179445 -0.164759457310001 -0.0335634903610286 -0.0102272873316022 -0.985709498754849
1463226101.02637 -3.32501206518721    4.196192503834 -12.5152826443425 -0.205977136604968 -0.0198022446512261 -0.0083115934227341 -0.978321116871943
1463226101.16876 -3.24221565125163  4.22680596049371 -12.5221241312268 -0.185821698164989 0.00651272805223019 -0.00998152061827057 -0.982511195921219
1463226101.31352 -3.15608862711349  4.27847983363201 -12.5184041805688 -0.185494439361402 0.0263152075408339 -0.00402683801612453 -0.982284636647481
1463226101.45322 -3.06804528758679  4.32573386424188  -12.506745413926 -0.175843679276548 0.0523246958880266 0.00325089386099335 -0.983021138301622
1463226101.59578 -2.96990581991427  4.35057489146619 -12.5051125577053 -0.177800267671229 0.0665698572174697 0.00455241382691608 -0.981801810170685
1463226101.73792 -2.87064195093833  4.37359667651765 -12.5074066811057 -0.188965909789821 0.0631125191232333 -0.00043711893752388 -0.979953317150495
1463226101.88095 -2.77465556383748  4.41874611400115 -12.5037345612215 -0.195601627403099 0.0657125311107245 0.00631095673178342 -0.978459012139707
1463226101.9749 -2.71287664332284  4.45068290020951 -12.4984456771366 -0.182019242315135 0.0786861657680841 0.00831489223483795 -0.980106292863618
1463226102.06972 -2.65127002572975  4.47315600472715 -12.4955440276291 -0.179730311897064 0.105132358468244 0.00574314218892775 -0.978065037973491
1463226102.16581  -2.5915934359511  4.48092648277238 -12.4976734740738 -0.213957548480753 0.116379149659638 0.003320355876415 -0.969879908137838
1463226102.26151 -2.53264976536943  4.49402822545688    -12.4966527444 -0.198753353167699 0.134239502776592 0.00470369205542346 -0.970801079408103
1463226102.40176 -2.43945638827071  4.52787378215409 -12.4861316773644 -0.204999607677796 0.129254186494818 0.00862847999578864 -0.970151568291509
1463226102.54387 -2.33930424692531  4.56838905401129 -12.4669000771786 -0.209058904084188 0.124168290785532 0.0280830202655192 -0.969581329316569
1463226102.63874 -2.26897703753236  4.58986234236948  -12.456123523926 -0.180880251907165 0.12354349913196 0.025599070558155 -0.975378914001523
1463226102.7355 -2.20300231554111  4.59520133922464 -12.4510131251891 -0.205875837896287 0.127587168137124 0.0192438534273477 -0.970034189089497
1463226102.82863 -2.13513817203343  4.60363735236061 -12.4468553215434 -0.214089655342939 0.118963691720119 0.00737397590894891 -0.969514767296897
1463226102.9706 -2.04038904195375  4.63597926300894 -12.4379411621968 -0.219708570506317 0.114652206498456 0.010050710694311 -0.968752805831108
1463226103.11446 -1.94419765721891  4.67658289235433 -12.4323131457737 -0.213895054151089 0.124433363454891 0.0234891648639515 -0.968614217840622
1463226103.20778 -1.88614269631353  4.69264574054573 -12.4327706953662 -0.223609975994118 0.155404979301637 0.0357242403749492 -0.961546488576502
1463226103.30269 -1.82674886554723  4.70089809637087 -12.4341818549329 -0.254348896687599 0.16846919421621 0.0379747993398354 -0.951568538765885
1463226103.44707 -1.73872168195231    4.723902522199 -12.4317949555529 -0.244188334534324 0.183291804343326 0.034520034975902 -0.951622056765806
1463226103.58747 -1.65097795748925  4.76130265226608 -12.4156386513241 -0.248827836287167 0.18417391901396 0.0327832697922968 -0.950310440153854
1463226103.72938 -1.55792532255516  4.79879235679505 -12.3901514643906 -0.24392238332481 0.192570067478623 0.0407377184937381 -0.94960996115055
1463226103.87155 -1.45570724995405  4.81633577698326 -12.3699032700689 -0.237017359335799 0.188484084057388 0.0402421099561343 -0.95219593257733
1463226104.01522 -1.35793521297424   4.8298873734622 -12.3547300013095 -0.242476600624586 0.187933339942194 0.0292036761411745 -0.951332383127768
1463226104.15738 -1.26047601514606  4.86271562808282 -12.3329937386691 -0.240173471257679 0.17476347995858 0.0250001567101403 -0.9545414720908
1463226104.2985 -1.1610235688745 4.89829753025254 -12.309588638984 -0.240875066600031 0.173770532635535 0.022552783892963 -0.954606922359497
1463226104.44071 -1.06450523553388   4.9126012815342 -12.2937145680911 -0.25886368938114 0.17464366209093 0.00723644916667531 -0.949966744373145
1463226104.5355 -1.00353070213888  4.92130053963028 -12.2814930593653 -0.239685772102781 0.189739388420716 0.0149463465561807 -0.952011713088578
1463226104.67768 -0.908173634838584   4.94665319286448  -12.2570220073944 -0.232679058145021 0.18859274747038 0.0135847830336679 -0.953996166225131
1463226104.77273 -0.841999339042004   4.97522124443742  -12.2325663606397 -0.223962231023749 0.169894741221879 0.013247882932205 -0.959583862712285
1463226104.91626 -0.743601034753766    5.0067227909061  -12.1885675230159 -0.217512077091142 0.155801559112594 0.022559976038211 -0.963278473744087
1463226105.00969 -0.674520804869827   5.01595631314961  -12.1671914254065 -0.198231362141566 0.145662005182993 0.0294800053587287 -0.968822912917329
1463226105.15253 -0.57717957560077  5.02290531150231 -12.1349991379379 -0.18804165320254 0.142438645552767 0.00777521236226698 -0.971746425250266
1463226105.24671 -0.515277735602196   5.03620915872878  -12.1097550196854 -0.179079152600301 0.126755236704647 -0.00117047034510795 -0.97563435623756
1463226105.34356 -0.453598264536192    5.0524779704207   -12.081790300632 -0.169823858384278 0.113183988540647 0.00367165336716287 -0.978946250221665
1463226105.43651 -0.391290440891877   5.06816662073359  -12.0523529273487 -0.167373379742195 0.113100757630874 0.00934823500014318 -0.979340074172082
1463226105.58077 -0.307936162327626   5.07436269801407   -12.017514939866 -0.160285313423243 0.133973159595393 0.000945761416915287 -0.977936049209856
1463226105.72095 -0.225127285085753   5.07125294487554   -11.980404081598 -0.162014840728829 0.127878000505313 -0.0167783594893863 -0.978323512455476
1463226105.86325 -0.147187286335156   5.07920164889398  -11.9310400628323 -0.159915698615465 0.107709749812926 -0.0264482516290155 -0.980880252180322
1463226105.95889 -0.0956709720961656    5.08875931992958   -11.8899551562301 -0.154867020424068 0.0934930142850604 -0.0253271360439639 -0.983175365051767
1463226106.05526 -0.0439742683481611    5.09299325573522   -11.8457135212069 -0.146572547012518 0.0698371167258539 -0.0266753005212272 -0.986370971760516
1463226106.14812 0.0068371172402735    5.0898215041738  -11.8024418459752 -0.128416845655738 0.0639666360287104 -0.0304111101200725 -0.98918782220985
1463226106.24271 0.057976606524002  5.07654084601762 -11.7609983532271 -0.14054370797545 0.0506375282364162 -0.0536918430447743 -0.987319853377351
1463226106.38497 0.121695600057512  5.06111646309083 -11.6989809361377 -0.125458099183958 0.0452310932496009 -0.0628440008154657 -0.9890728209359
1463226106.52921 0.182897151865541  5.05722994443783 -11.6242078678803 -0.111903611654356 0.0242861947392472 -0.0620512687652933 -0.991482426716891
1463226106.66936 0.247763340868298  5.04657259327405 -11.5444146544136 -0.132913485993709 0.00696918705053917 -0.0714158121309009 -0.988526791468263
1463226106.85977 0.324421815619062  5.01586709408512 -11.4585222214372 -0.125630401657537 0.0139016231172939 -0.0597085674037659 -0.99018111173293
1463226107.05081 0.389454845858883  4.99632242066442 -11.3600886206053 -0.115591620690758 0.0201229590305598 -0.0571736961628832 -0.991445819101081
1463226107.2403 0.439921432490223   4.9800784727882  -11.243942927076 -0.120850870845608 0.0255845281523862 -0.0331947525755875 -0.991785565198709
1463226107.42808 0.481989522171229  4.93227280112876 -11.1415409378908 -0.123235502569002 0.0469082689105625 -0.0286617790027781 -0.990853736753703
1463226107.62071 0.512857956818916  4.88788509781837 -11.0452141652333 -0.129154323828521 0.0788244811759962 -0.0216288648166013 -0.98824999570477
1463226107.80748 0.540854527873446   4.8500326480889 -10.9316115083436 -0.157265388471742 0.09757699140462 -0.009029027818176 -0.982682453793652
1463226107.95213 0.561192586505658  4.81027585352627 -10.8535967071238 -0.168075648775773 0.125963567444162 -0.00209670852642772 -0.977690830364435
1463226108.13931 0.584215960772345  4.76234066872262 -10.7530265408205 -0.165269011962558 0.154003766822275 -0.00492159614441924 -0.974137963217152
1463226108.37649 0.594631177753542  4.71446369066739 -10.5952029072951 -0.169978392231443 0.145691589913468 -0.00297881687795146 -0.974613992026026
1463226108.56604 0.598488057018928  4.65659888822969 -10.4703783373619 -0.184759599875871 0.130863526839964 -0.012424009867623 -0.973952910348094
1463226108.75586 0.599148389320931  4.59215002058974 -10.3607727016207 -0.183836697045719 0.139283514176484 -0.0122227816008826 -0.972961856964551
1463226108.94664 0.587103392264073  4.54441013576354 -10.2408167180696 -0.207984700511565 0.151000305033866 -0.00830656206245883 -0.966370670736388
1463226109.13724  0.57180813016321  4.49225438039197 -10.1176662513322 -0.206615587665282 0.163100137038762 0.00249016662222766 -0.964729051755912
1463226109.27752 0.556149652195476  4.44469880536852 -10.0426586535459 -0.21377461272227 0.185649523824456 -0.00291484193037213 -0.959075686771236
1463226109.41984 0.533755881752416  4.40242960970516 -9.96594269918896 -0.231463804023084 0.200594866958479 0.00428322436812845 -0.951928495616181
1463226109.61161 0.504543618510488  4.35539855009509  -9.8444561202805 -0.250031198034528 0.178911394418341 0.0160830248427719 -0.95142863593052
1463226109.75163 0.487892577854838  4.31051324792201 -9.74834735485707 -0.238046816886185 0.156642845719389 0.0253816643352781 -0.958202746275995
1463226109.89396 0.477440365243937  4.26361095881056 -9.66682850742583 -0.239686132506364 0.141358977972428 0.0101453589027685 -0.960450555168493
1463226110.13305 0.448078527704046  4.22082974378283 -9.52291891421977 -0.214567333087341 0.142696846870692 0.0149935329052414 -0.966112655664943
1463226110.3227 0.433879968022861  4.17579296804433 -9.40217290621102 -0.208247745112566 0.134497568570287 0.0115513883111041 -0.968715565133698
1463226110.51022 0.429367919807286  4.10758346890578 -9.30162775775032 -0.188680275414052 0.124270876670267 -0.00453356849924267 -0.974133435232537
1463226110.65553 0.438667904585637  4.06179436795533 -9.22930182899143 -0.19859122246374 0.0695393281382471 0.0394827614349345 -0.976814680352374
1463226110.79731 0.450042874419392  4.02741507593023 -9.14674297318676 -0.194959401904331 0.0211105689141446 0.0740723422922895 -0.977782421398831
1463226110.88976 0.454074692127042  4.00071468948788 -9.09519866344967 -0.209357999094037 0.00524048700855177 0.0938695619997804 -0.973308928779154
1463226111.07929 0.452364938912703  3.94368056131377 -8.99518908337014 -0.209871633694942 0.0254528414646802 0.123441751528813 -0.969571134167622
1463226111.27105 0.452258711837712  3.90063177760084 -8.89575574431654 -0.209894604592991 0.020672863498816 0.157680794189753 -0.964703920807416
1463226111.41121 0.448367687480728  3.88640795771197 -8.81079581725032 -0.198944335667775 0.0226033331907277 0.224058742366902 -0.953786097929373
1463226111.55372 0.457523793653184  3.86219693222014 -8.72545079955518 -0.188916474698382 0.0327080973726755 0.257451065568075 -0.947079560961833
1463226111.64833 0.467004321873044  3.83699253224959 -8.67591603051149 -0.191350438588722 0.0422758160961011 0.259967364790171 -0.945523523911154
1463226111.79064 0.466683657854932  3.79932389262652 -8.60678519936745 -0.194547397982796 0.0724566381170047 0.251356507216072 -0.945368315425814
1463226111.88535 0.465641840624348  3.78343117017274 -8.55580912296775 -0.189988851035441 0.087992760872833 0.254436151361954 -0.944152400513988
1463226111.98022 0.464544325315382  3.76729963231197 -8.49990011867589 -0.197146247811533 0.0912286599578988 0.246613721005474 -0.944453472219756
1463226112.07509 0.468438738540488  3.74494133817616 -8.44066318518209 -0.203653884452813 0.0840452386061266 0.257312467229034 -0.940878200100006
1463226112.16994 0.472311837369238  3.71543081846394 -8.38948827814841 -0.199690641619746 0.0864829960353482 0.247367319540067 -0.944168283872005
1463226112.26483 0.482593707867773  3.68030562618207  -8.3429089311758 -0.20785834198239 0.0816698761633548 0.227516485943476 -0.947819175591909
1463226112.35966 0.495946234068192  3.65041024002773 -8.29885023462232 -0.215316467135336 0.0823635853158893 0.212950100008168 -0.949477389778599
1463226112.50188 0.512571656990257  3.62836162244894 -8.22153731064318 -0.212315566771501 0.0904379285729359 0.200172275924186 -0.952194382010976
1463226112.64429 0.534516827644802  3.61825628340952 -8.12953716726051 -0.208921276992601 0.0955849185571025 0.206729909140754 -0.951040571180257
1463226112.74193 0.557116292920583  3.60255395436184 -8.06998473838039 -0.210079191834813 0.0917089079650289 0.203233787671003 -0.951920289155973
1463226112.83386 0.579722386642201  3.58081629082763 -8.01910509129822 -0.21026840377025 0.101780373974355 0.20409522229437 -0.950669813387468
1463226112.9763 0.607877108498097  3.54633058858653 -7.95201541018236 -0.206988911761243 0.109392404849023 0.207808129313322 -0.94973926609388
1463226113.11836 0.621727312955725  3.51943928160442 -7.88169112051158 -0.216251791992836 0.129422882804135 0.194594768298581 -0.947954511576044
1463226113.26076 0.631165272772962  3.50714248392456 -7.79161399140598 -0.205964432219479 0.131500048122856 0.21020311793004 -0.946626134868821
1463226113.35552 0.638360997676686  3.48985112064346 -7.72830176421091 -0.207894982908161 0.127214844250894 0.226093017969483 -0.943121416737679
1463226113.45031 0.65239768781497  3.4597308469003 -7.6683829399554 -0.211287518910036 0.113467404722355 0.231216317041348 -0.942879497683691
1463226113.54517 0.670220436223703  3.42740289973246 -7.61686322548515 -0.223961226520704 0.0944552484457218 0.224963706469273 -0.94356287857673
1463226113.64319 0.687463340387346  3.40319515224881 -7.56772845029309 -0.207603858133271 0.0877038972955916 0.217781439118105 -0.949620929246503
1463226113.73486  0.70406855753019  3.38578484737693 -7.51341710824513 -0.198970597097084 0.0727705860242893 0.208689127013461 -0.954758603819243
1463226113.88378 0.719171601322289  3.37445158869817 -7.41960302481326 -0.186935046988889 0.0517572535943629 0.218790885320567 -0.956298605775556
1463226113.97218 0.730544653743562  3.35524067960237 -7.35500452416018 -0.203525633726113 0.0343524559242981 0.223373702919143 -0.952628686337202
1463226114.06673 0.740163842209915  3.32851423500941 -7.29229569547326 -0.192927122265597 0.0312917641641154 0.248288017980004 -0.948763938562893
1463226114.16153 0.744531751052045  3.29946832341475 -7.24015971314381 -0.183404146176678 0.0399537018513305 0.279700495043184 -0.941559479770756
1463226114.25663 0.742132006704089  3.26988444544121 -7.19411397492902 -0.197377891226619 0.0639974453167649 0.289117943207408 -0.934535772436443
1463226114.39865 0.738576803516525  3.24480253901973 -7.11740548761918 -0.189572022704088 0.0813971708665867 0.309747956078288 -0.928166554282215
1463226114.49352 0.739174518803011  3.23770803610764 -7.05698634761459 -0.164590913247771 0.0736148657453246 0.332710715441071 -0.925631818083331
1463226114.5887 0.739270763146247  3.22363599312103 -6.99482065653235 -0.160321812794542 0.0716240393466244 0.338726818409467 -0.924354399470325
1463226114.68308 0.747267885988424  3.19898494546794 -6.92732183990468 -0.138659411568052 0.0510532858488681 0.340701887129902 -0.92848767018941
1463226114.77798 0.755268331595787  3.16921756470724 -6.87277429102582 -0.141466510418103 0.0414246856718274 0.326390954841046 -0.933670266445851
1463226114.8729 0.759635396005709  3.14736058835877 -6.82306613489317 -0.12255391980515 0.0565766526774947 0.325440922226607 -0.935878103842856
1463226114.96817 0.761773964792483  3.13021480128161  -6.7724163082732 -0.104028542606418 0.0664999250731468 0.316479926971617 -0.940529785872032
1463226115.06317 0.760736761881919  3.11553180312924 -6.71656483321674 -0.107360255413671 0.0707184260410771 0.308581398365684 -0.942470264973099
1463226115.15737 0.757429446754399  3.10218027812082 -6.65671089043458 -0.108116866397538 0.0736900424188788 0.313598274710942 -0.940498082372846
1463226115.25238 0.756521874594047  3.07986685299001 -6.59494705113721 -0.117607344927499 0.0761818668951168 0.315519625261074 -0.938515957056986
1463226115.35028 0.754617821906992  3.04595703399941 -6.53744936451446 -0.14275157357458 0.0906146847822474 0.313861392113485 -0.934292242119338
1463226115.44194 0.750070242784351   3.0097743486632 -6.48931550204223 -0.163667239825626 0.0973753961223668 0.302682299483916 -0.933870704335992
1463226115.53862 0.740220376787934  2.97759947456372 -6.44595005681846 -0.169987018870269 0.117783371047797 0.289077903514655 -0.934700731046995
1463226115.63155 0.727028442386527   2.9540777065171 -6.40007858032916 -0.174234418830322 0.141300116908099 0.286391645444311 -0.931480794045866
1463226115.72636 0.714060109894493  2.93551349644828 -6.34940857020435 -0.189034050065763 0.16067395700671 0.283201206264384 -0.926416258614851
1463226115.82139 0.703119270018109    2.915360831448  -6.2913131468904 -0.205549661576246 0.169570688756576 0.284092772249232 -0.921024654879693
1463226115.91615 0.695413289601175  2.88738546515152  -6.2341088155551 -0.211726879119991 0.177823482787866 0.285781087778517 -0.917540030459396
1463226116.01201  0.69149725435053  2.85150343712353 -6.18223466240249 -0.224370244448342 0.18480323461186 0.271218573275787 -0.917576287506075
1463226116.10576 0.689470612396036  2.81756584508434 -6.13461071252001 -0.225586285384152 0.194455522505454 0.269998360985292 -0.915641175722765
1463226116.20062  0.68696121159986  2.78778073115623 -6.08541346162444 -0.231434776711479 0.203880334400523 0.245720324938859 -0.918962608208397
1463226116.29542 0.680526150804297  2.76748521148303 -6.03087570875977 -0.243309745404552 0.215444440804702 0.246613453799579 -0.912998283198038
1463226116.3903 0.675558701728937  2.75066877422362 -5.97337592717745 -0.257124871820032 0.221371452015306 0.242565522630079 -0.908869323805884
1463226116.48891  0.67097604152517  2.73178863281268 -5.91785541576205 -0.263734231777088 0.240605838576799 0.253534026701943 -0.899040367689907
1463226116.57997 0.670559550842901  2.70244110121617 -5.87008528887493 -0.270783338894351 0.264950955453213 0.230459061626198 -0.896306864581561
1463226116.67684 0.670210381164885  2.67418153053908 -5.82645219113181 -0.274504916875492 0.28184899740176 0.252853299082804 -0.883896714790673
1463226116.7698 0.668614574263396   2.6485248996486 -5.78457575703595 -0.275581651925052 0.302137061750299 0.255224286037708 -0.87614411648752
1463226116.86467 0.663206445996119  2.63196275974854 -5.73964602423579 -0.282184748927452 0.319533794526371 0.262188450818786 -0.865752353670248
1463226116.95934 0.655153311804822  2.61893154126418  -5.6895473961744 -0.299841540406785 0.33686408374955 0.271509502166852 -0.850235396792659
1463226117.05412  0.64849749586921  2.60324870645404 -5.63467309812155 -0.313568048609351 0.345719863167711 0.275864291608792 -0.840268854425655
1463226117.14956 0.644405142511618  2.58193357913003 -5.57860152846765 -0.320920996423035 0.355245106883586 0.28382752481088 -0.830814398196038
1463226117.24677 0.646775006970472  2.55304514846159 -5.52937105402446 -0.326617510084543 0.376836984820575 0.254900112801639 -0.828456891739832
1463226117.33941 0.652836730826273  2.53080444561948 -5.47982031659229 -0.310417103936488 0.387846076975723 0.266319143822281 -0.826008932029184
1463226117.43357 0.659884094138449  2.51257099286038 -5.42697764299521 -0.308430442046254 0.39768612387878 0.263479827537662 -0.822979215882241
1463226117.52836  0.66649221669302  2.49991605198866 -5.37241020522203 -0.316385449599251 0.404282465261943 0.273453904936265 -0.813436474126108
1463226117.6233 0.677424342238861  2.48482472690417 -5.31459976933566 -0.334251645357222 0.404753449528998 0.265582285714883 -0.808651057122183
1463226117.71805 0.693613611111239  2.46597601452158 -5.25885378307122 -0.345178378394802 0.410387939464818 0.265895429115556 -0.801082546936338
1463226117.8129  0.71337297095722  2.44238352954581 -5.20548562613082 -0.342332736376203 0.415986786446844 0.266912351662973 -0.799075145175065
1463226117.9077 0.732513040983934  2.41771221539638 -5.15653354299101 -0.341785639650269 0.418600075443692 0.277037586350411 -0.794485197544002
1463226118.00487 0.749335426093559  2.39577575635578 -5.10813984518286 -0.340835456557144 0.42624386375404 0.266193461202802 -0.794536595367629
1463226118.09745 0.763606176068772   2.3817830253036 -5.05503849856071 -0.339179088267293 0.435917630847632 0.25254202602645 -0.794453202076001
1463226118.19235 0.775560963752536  2.37306059558282 -4.99511350027351 -0.335343376337041 0.432820036537772 0.255309896043152 -0.796886750360897
1463226118.2872 0.789732336504327  2.36191575504694 -4.92851738356998 -0.338821153464358 0.419283506244766 0.261927463936364 -0.800497077441287
1463226118.3848 0.80839861547761 2.34490977732058  -4.860044778979 -0.33519154718957 0.402064337375009 0.280664965886277 -0.804498646504711
1463226118.47664 0.833658300908403  2.31903680107891 -4.79738684854359 -0.331468944738915 0.389864574561301 0.261009641943616 -0.818540114464936
1463226118.5715 0.861676213419486  2.29673009898922 -4.73854633513137 -0.316327375966357 0.376610029342772 0.25588238678662 -0.832241600224993
1463226118.66642 0.889009069221838  2.27902507164686 -4.67830139565644 -0.305870023541422 0.366256483488123 0.244221206869858 -0.844189385811451
1463226118.76193 0.916732710385366   2.2689968825503 -4.61709047319555 -0.305705974294562 0.358636426710242 0.238022530670469 -0.849275600503363
1463226118.85833 0.946920541716712  2.26274504529711 -4.54770165557582 -0.308668856053316 0.341392232646698 0.244947756893318 -0.853331985328203
1463226118.95379 0.982712014024088  2.25349927667856 -4.48249289573218 -0.320138568559501 0.330177895206409 0.242966511656154 -0.854084965709723
1463226119.04576  1.02176765407244  2.23907428091005 -4.42039462692959 -0.323704341146246 0.322479059989489 0.231293229865074 -0.858909888876564
1463226119.14066  1.06189668635062  2.22676332503763 -4.36102807699385 -0.296746029241826 0.308399969546275 0.242444610519952 -0.870661738991036
1463226119.23543  1.10034833016083  2.21506924856373 -4.30467511183014 -0.283586488432342 0.307002944471437 0.235650138627287 -0.87738070860341
1463226119.33225  1.13708272328361  2.21110185341321 -4.24424223536449 -0.271480901560643 0.297309476992204 0.231043067097222 -0.885733761423121
1463226119.42511  1.17213286098907  2.21219020126173 -4.17995333183182 -0.268905503299406 0.284290434956912 0.2338151211906 -0.890055766786513
1463226119.51988  1.21044309631997  2.20954001602144 -4.11428692190766 -0.273950220058028 0.264616216083151 0.238258454285392 -0.893399375462916
1463226119.61477  1.25442883987469  2.20010113245468 -4.05306831165395 -0.260561388514863 0.248651258106248 0.251621183755358 -0.898313472315171
1463226119.70963  1.30122484428928  2.18323243068437 -4.00035826067475 -0.257495761465943 0.238642539485787 0.234234211741652 -0.906575978737919
1463226119.80747  1.34785180293023  2.16809358455859 -3.94843172903061 -0.244535255467365 0.22720849371318 0.225909887604049 -0.915174044595248
1463226119.89942  1.39133895203596   2.1604841993984 -3.89148182853391 -0.240400155817236 0.215111338988929 0.221126262470452 -0.920346702589458
1463226119.9942  1.43291022023829  2.15777603465586 -3.83156939762254 -0.242474069859285 0.205529210544512 0.219159930821303 -0.922460293877859
1463226120.14124    1.499116998325  2.15302702510101 -3.74631667040829 -0.238977593342937 0.203780290540019 0.231480001516841 -0.920749863950686
1463226120.28223   1.5642691241674  2.13347750471222 -3.66867021925273 -0.227434297674916 0.195428423726204 0.239622984943868 -0.923397095797685
1463226120.421   1.6198439610169  2.11430249835417 -3.59261503412638 -0.216234386280251 0.199299746410027 0.229904098808166 -0.927721082342159
1463226120.56318 1.66500262007703 2.10870122988357 -3.5058196759793 -0.200645647242992 0.192942003268625 0.235626726695386 -0.931125530357722
1463226120.7055  1.70259402576562   2.0946965916041 -3.41586741204486 -0.209752946143849 0.18046935818149 0.255723716722767 -0.92630442784596
1463226120.8477   1.7371388723341  2.06319601452412 -3.33431850822309 -0.216719787564697 0.185273603905326 0.245699381732119 -0.926465346999174
1463226120.99001  1.76850342188843  2.03454912168669 -3.25482119893255 -0.198623667535541 0.190284952267772 0.239238682320035 -0.931184798263458
1463226121.13409  1.79110632605851   2.0138749215562 -3.16816972160344 -0.205946899483369 0.197941142642896 0.238045503865398 -0.92829926033143
1463226121.27458  1.81248317967752   1.9884517288748 -3.07743594062598 -0.221922277291602 0.19378983268109 0.242913419401083 -0.924223498005768
1463226121.41677  1.82913806839279  1.94665638492669 -2.99773084227571 -0.233836346688265 0.21304004055117 0.243194582901367 -0.916946508220012
1463226121.55886   1.8347812290755  1.90606571544459 -2.92535291456199 -0.241636790650948 0.246873246651775 0.229402585301601 -0.909966875962232
1463226121.70359  1.82944389128793  1.88129930876722 -2.84047079106712 -0.246546395052811 0.262168218382579 0.229942413720422 -0.904217444384366
1463226121.79605  1.82182378111714  1.86646698580942 -2.77618325662399 -0.24409928668037 0.258104951445465 0.260627029419294 -0.897703137912274
1463226121.94017  1.81105504801647  1.82431583752548 -2.68675976988167 -0.243278276911497 0.252856202794002 0.270263307722279 -0.896569665553427
1463226122.03332  1.80621142831603   1.7872876625102 -2.63445901278288 -0.253679118632267 0.253458966594587 0.253908989632576 -0.898295987971963
1463226122.17745  1.79955356221846  1.73972553754251 -2.56074345637264 -0.251328940012818 0.25764500130346 0.23543741394447 -0.902785711744772
1463226122.27061  1.79041237957013  1.71769059305233 -2.50886769712845 -0.25253100082315 0.259779278201305 0.240782939899613 -0.90042567494145
1463226122.3653  1.77902360099052   1.6986242196093 -2.45199044926215 -0.266400257590309 0.255735968520762 0.240889863332899 -0.897553391673176
1463226122.5074  1.76200116850482   1.6645470084554 -2.36370404143758 -0.270930383987072 0.261589826580308 0.25878839132671 -0.889492022548171
1463226122.65196  1.74695016999476  1.61870160078841 -2.28833513052175 -0.26994444061502 0.278476807123874 0.254624563776122 -0.885859468762939
1463226122.79194  1.72721981979604  1.57707683224454 -2.22731614596287 -0.260990656039372 0.302900676316465 0.259667155925187 -0.879038125385293
1463226122.93417  1.69761551739433  1.54807349059464 -2.15630899646289 -0.25699468378652 0.312397344616927 0.260607363177121 -0.876610194921111
1463226123.03138    1.673242080488  1.52850937486027 -2.10467887163124 -0.263138703138441 0.311681721125216 0.266449561089102 -0.873279542313037
1463226123.12376  1.64870594682073  1.50045660296327 -2.05204709926089 -0.278953545039191 0.297730078613138 0.277008425096079 -0.869947154961077
1463226123.21857  1.62643938910094  1.46333883400853 -2.00136868653519 -0.281439106366513 0.290743579923261 0.272027119091283 -0.873075853875207
1463226123.3166  1.60476305783719  1.42734048932605 -1.95666109369312 -0.280863023490333 0.28726034070697 0.277231533885385 -0.872777254121772
1463226123.40836  1.58047442747871  1.39679748053523 -1.91550552346376 -0.281646747001465 0.2990333970695 0.273926634064927 -0.869608151117748
1463226123.55321 1.53537856945588 1.36225245503601 -1.8475364106742 -0.280986204282818 0.29918843309955 0.290012789698877 -0.864537805022571
1463226123.64539  1.50236225055935  1.33582858181062 -1.79860119494712 -0.291155397350558 0.297501469027918 0.282922091127376 -0.864104450209569
1463226123.74029  1.46899791050613  1.30074489846185 -1.75227391012687 -0.310344046816304 0.298482678737258 0.271173493494418 -0.860848186108064
1463226123.83707  1.43646400114616  1.25902254889717 -1.70914639052603 -0.320606036989138 0.302766137139919 0.259681841250469 -0.859133154157292
1463226123.92988  1.40286914869604  1.22040003557259 -1.67069573464954 -0.326366272835912 0.312370333348617 0.258513257625152 -0.853862240897735
1463226124.07304  1.34802548777567  1.17440934674215 -1.61096809838658 -0.322218071845794 0.331258671822277 0.254618907812637 -0.849477732670386
1463226124.21447 1.28260633008376 1.13933508520903 -1.5431973853337 -0.332504632360226 0.323906383969625 0.27269868395531 -0.842710360474911
1463226124.31235 1.23695566042147 1.10960787659372  -1.496316012799 -0.343907163227718 0.309185370011885 0.281993786252092 -0.840602031026863
1463226124.40425  1.19503458099019  1.07182099474537 -1.45004944607615 -0.341531665462882 0.294006851506965 0.274673423630152 -0.849394256576063
1463226124.54642  1.13642199259243  1.01631195265957 -1.39339085222613 -0.332022553103925 0.308489512056059 0.270746667772307 -0.849288812520192
1463226124.68961  1.07596542326074 0.973107093711063 -1.33076981909704 -0.321310215248322 0.316324840784191 0.263757496461872 -0.852719369863321
1463226124.7847  1.03274278191411 0.945615390108315 -1.28373427429662 -0.332007902619272 0.314282846911282 0.251102115969465 -0.853196795640577
1463226124.92581 0.971417369766076 0.896259072690607 -1.21389453099679 -0.33026490418272 0.316870236549727 0.248897332759034 -0.853562220344561
1463226125.02259 0.932499569263894 0.854593258147711 -1.17327308765416 -0.334169673849735 0.321746224931261 0.237513785534114 -0.853461889894856
1463226125.11543 0.893661278013252 0.817531495074286 -1.13565905566816 -0.319674279219983 0.328385125283133 0.237600638749621 -0.856456362673392
1463226125.21023 0.852227309070882 0.786826410654555 -1.09661134727112 -0.307000240797458 0.336079112673994 0.237115493010279 -0.858241181224169
1463226125.30514 0.807872289394324 0.758617938168912 -1.05391993028187 -0.305849976788671 0.335894751796136 0.224723543134557 -0.862049787758939
1463226125.39988  0.76198859868738 0.731682991926046 -1.00988655670165 -0.301193959685444 0.327350476020129 0.23660273402028 -0.863795699660821
1463226125.49481  0.717634352812001   0.69852652221349 -0.966905814911348 -0.306163235067094 0.310138072580695 0.24312665216932 -0.866584029644051
1463226125.58973  0.676231719679182  0.659875016527619 -0.925645480671267 -0.305419846465065 0.296333409479689 0.235560095753633 -0.873737185370944
1463226125.68475 0.636770807850532 0.623190017324158 -0.88876187630328 -0.297238427027414 0.297553146484605 0.235129619206275 -0.876256529041177
1463226125.77935  0.598253927752343   0.59122512912849 -0.851080365613763 -0.285945104454475 0.298834760560642 0.236298213336161 -0.879258970664117
1463226125.9216  0.537234723477442  0.553518185031339 -0.787248600870855 -0.282805912225514 0.297146493057238 0.223505885708119 -0.884177525572726
1463226126.01723  0.495783534180052  0.525718320956323 -0.739549826417034 -0.285669696716411 0.289158707073923 0.221410509193704 -0.886429609681376
1463226126.11152  0.457082700905638  0.493589560926975 -0.696684648525475 -0.279571041676735 0.292785780690304 0.219543060606043 -0.887647094188387
1463226126.20604 0.422382657070217 0.457401160501399 -0.65924639945247 -0.273017533280144 0.298237573657274 0.206825675430529 -0.890920263639431
1463226126.30118   0.38803731184806  0.425159850898739 -0.623842381933614 -0.259578052711018 0.302438725817488 0.208272854792134 -0.893181095653835
1463226126.39595  0.353138180877107  0.396060308744245 -0.585519935985062 -0.243112253906009 0.306057907088321 0.200336800691839 -0.898381965423402
1463226126.49056  0.317020127382471  0.369716472662351 -0.546564831675496 -0.241448568062107 0.296075932450264 0.195769396612014 -0.903169958841985
1463226126.58545   0.28024545800024  0.341345434608297 -0.506950673076205 -0.247294481531214 0.28086119983277 0.195010410905964 -0.906605407810362
1463226126.68038  0.245833033016043  0.309804377616392 -0.468348378842736 -0.246715001255092 0.263711096424642 0.195176909314153 -0.911863004978702
1463226126.77823  0.215289434192029  0.276601244167533 -0.434475879654928 -0.24055217557551 0.253173120458571 0.185679297915554 -0.918455889103416
1463226126.87002  0.188952165361413  0.246920970363085 -0.402931521436698 -0.231838602051096 0.24443288276211 0.182392298818021 -0.923708004596407
1463226127.01219   0.15208384962726  0.211557019845542 -0.351793211380704 -0.213877710301838 0.236451422236708 0.175341528884358 -0.931451769125368
1463226127.15615  0.115130329462586  0.184372650862432 -0.294016792725538 -0.207924163830209 0.222890216420804 0.167225278776409 -0.937615699344645
1463226127.29722 0.0829181973360008  0.149188710034698 -0.234257700950722 -0.209729278631735 0.204894747541883 0.15273934471767 -0.9437703453116
1463226127.43906 0.0574725788863344  0.104600873252434 -0.180281247789874 -0.207306676914738 0.189875489587056 0.144969523306965 -0.94865962150436
1463226127.58352  0.033428100439528 0.0676811121265751 -0.135811208812965 -0.202849389001748 0.180939654001952 0.13286319605691 -0.953131857680151
1463226127.72344 0.00640930914244144  0.0413003769206891 -0.0937899721219178 -0.18109937452032 0.175423445298176 0.114892485150755 -0.960848244128047
1463226127.86933 -0.0262826646227763  0.0179488890815666 -0.0499145429691575 -0.152414820085424 0.168881789775932 0.115096309089494 -0.966954757646076
1463226128.00797  -0.0573193811144166  -0.0109062955324969 -0.00393247473260161 -0.138219752398647 0.135851773894669 0.119783269495038 -0.973699935260143
1463226128.1037 -0.0779997898884348 -0.0302538188288514  0.0253705687103426 -0.11128743412992 0.119458580532346 0.124899738048286 -0.978644373599238
1463226128.24506  -0.107369251308259 -0.0581714471096501  0.0591915491713868 -0.09642845972787 0.113955067550558 0.0808783024282758 -0.985481859259915
1463226128.4349  -0.140025191082983 -0.0710713450787771  0.0977376694666036 -0.0745729244355722 0.117889936838191 0.0566403634927889 -0.988601391338703
1463226128.62445  -0.166316878609866 -0.0675899664473252   0.127350793549411 -0.0508774842168776 0.133273368086307 0.0641566092758536 -0.987691055160934
1463226129.19598  -0.200438079067791 -0.0580954010670298   0.184602466090691 -0.0170725207235394 0.201365617009741 0.0795875686750009 -0.976128186374532
1463226129.62023 -0.174798283034891 -0.053841074985146  0.204929567335791 -0.0252103869262246 0.215379668747235 0.0656249401807322 -0.973996612883041
1463226129.8099  -0.149163885900536 -0.0434853857446141   0.199485214952248 -0.0377440382129893 0.219116704598369 0.0678548332835213 -0.972604225235215
1463226129.95216  -0.122438540278762 -0.0294693074256899   0.187816237729453 -0.0449670065166417 0.224319710665496 0.0744068622089631 -0.970629823665076
1463226130.0946 -0.0899102283554671 -0.0157579665498164   0.175040503952382 -0.0472724138608279 0.222456288378168 0.0813581682470459 -0.970391347399731
1463226130.23806  -0.0543430756116534 -0.00785841747156731    0.162183198206324 -0.0502071679793142 0.21708534514548 0.0984634973496306 -0.969875318222009
1463226130.42644 -0.00605806787596521  -0.0043404701708094    0.148405384588685 -0.0542132236800343 0.202920519204852 0.118408408067363 -0.970496593586399
1463226130.5687   0.0285376776615117 -0.00454455870019872    0.142691536157185 -0.0635976477729866 0.174530220391611 0.13451445061302 -0.973344956294569
1463226130.90053    0.102553926642581 -0.00752785826605582    0.141801121614375 -0.0969374359711846 0.136331319436909 0.130138896816733 -0.977282340157259
1463226131.13949    0.142447683250205 -0.00444742426966885    0.142435276417134 -0.107182661646221 0.128767929090305 0.12537203892924 -0.977861211693639
1463226131.42415    0.15909579530787 -0.0154687070887692   0.143409286346535 -0.137618866800207 0.132334229177721 0.0878050502504287 -0.977670175692746
1463226131.70804   0.146390581043048 -0.0249021325931311   0.168876703308427 -0.131810796302506 0.110074733843247 0.0275195856154783 -0.984759939962522
1463226131.84907   0.130577930947975 -0.0343021872050526   0.188218571835537 -0.108986324629139 0.0823461599407039 -0.0291554849432327 -0.99019747963958
1463226131.99207   0.108249597750139 -0.0487723296119773   0.210548919116127 -0.0776745680566418 0.062800576511278 -0.0645566849108478 -0.992902403814386
1463226132.08603  0.0976179368559199 -0.0623448115011909   0.223589740509392 -0.0499587662189914 0.0387854021209778 -0.0856004759438074 -0.994320055504456
1463226132.22823  0.0842718651305715 -0.0813306366352202   0.244142030608856 0.000886421206762748 0.0228352711957232 -0.0991499854832339 -0.994810054746903
1463226132.37269  0.076717230023088 -0.100778154244251  0.266178959825899 0.0477752662439189 0.0108785754430856 -0.0896848934117494 -0.994764193377192
1463226132.51365 0.0738437431568886 -0.124219833235602  0.291632450882868 0.0699140661035163 8.32897814351946e-05 -0.108675374677665 -0.991615691365538
1463226132.65634   0.07461259343723 -0.149676749188315  0.320795428059925 0.0945128259132562 -0.0152617298347212 -0.121390784377965 -0.987977065932426
1463226132.75034 0.0772384622682917 -0.169949516861846  0.341742986792925 0.0994927782604831 -0.0213169113260463 -0.12448110376867 -0.986990998525347
1463226132.84482 0.0800313107789569 -0.190462539805954  0.362438842768216 0.112545608114339 -0.022320709501051 -0.13426235683875 -0.98428090073802
1463226132.94089 0.0850840181190199 -0.210687873662581  0.382088366598754 0.120331879816022 -0.0250810508393728 -0.14487693476671 -0.981785034190957
1463226133.0819  0.090286830875685 -0.238509139551052  0.407011098185888 0.134452769469721 -0.0321394810424633 -0.156665001504221 -0.977929232533687
1463226133.22462 0.0898353119848226 -0.261460753664495  0.424780307223648 0.156296359967128 -0.0387488845407606 -0.156003494957691 -0.974542395880681
1463226133.4138 0.0715596914178175 -0.289874529750809  0.439331485886404 0.160090223919443 -0.0199146083750726 -0.154112234144384 -0.97479431054234
1463226133.5561 0.0451277343985159  -0.30384055471256  0.438806677808564 0.165572025379588 -0.00434388407037852 -0.145657129801614 -0.975372254895965
1463226133.69869 0.0109101298969072  -0.31463320078632  0.432314618449184 0.155917833165299 0.0106609338493788 -0.138083759770972 -0.978012703945102
1463226133.8406 -0.0256400551554356  -0.317707447073728   0.419653368595239 0.141347589595654 0.0184542431315154 -0.132716081576964 -0.98085000969404
1463226134.03253 -0.074691001317018 -0.305859069079611  0.394012994112021 0.115360063219269 0.0412197490060988 -0.137959787300752 -0.98283268423158
1463226134.12519 -0.0968988631824343   -0.29397600728207   0.377120941276246 0.0925511744996031 0.0489809799204671 -0.136958884947458 -0.985026602452301
1463226134.21991 -0.118145625737116 -0.277505152441715  0.358385488460482 0.0777711330620522 0.0576858526252608 -0.143344291446156 -0.984924569385362
1463226134.31476 -0.138224220554836  -0.25727387351292  0.338871197497813 0.0700095079084332 0.0711840977042119 -0.143249488634408 -0.984637535869132
1463226134.4096 -0.154008071441522 -0.235577590616641  0.318736909392961 0.049360817307479 0.0834650264411431 -0.13538968845063 -0.986035867165672
1463226134.50468 -0.165205404944869 -0.209603554319537  0.297502762763447 0.0469064475702459 0.10010485746239 -0.123928190401666 -0.986113891146729
1463226134.59931 -0.171070115925616 -0.182852857595654  0.275615632288895 0.0456174883659561 0.113538779422984 -0.107863696793627 -0.986607020670507
1463226134.69412 -0.171235867595173 -0.160138477630338  0.252835599473547 0.0194497749671034 0.130499374681222 -0.104001106095326 -0.985786685542307
1463226134.78918 -0.164290840865435 -0.137363458469102  0.228956754771533 -0.00361827143529001 0.141229010767105 -0.103157777144404 -0.984581001057907
1463226134.88391 -0.151862304287892 -0.111628078922807  0.204214739967881 -0.0066271196161228 0.145980120398196 -0.100332603934256 -0.984164241537912
1463226134.98526   -0.13550358795674 -0.0869526363648824   0.178253825656531 -0.0112452118753067 0.148365993225966 -0.100377327162918 -0.983760880222212
1463226135.12088 -0.111256917349211   -0.0545790410239  0.141641714280162 -0.0219667558889282 0.153110103756764 -0.093059226140067 -0.983572436678418
1463226135.26314  -0.089535943674377 -0.0268874604132662   0.108850503110836 -0.0283164088868862 0.156044905779345 -0.0798682481620851 -0.984108343275061
1463226135.40533  -0.0699662503301249 0.000137075806780426   0.0805989793032434 -0.0307112581671512 0.162117607339796 -0.0723635712274779 -0.983635203503523
1463226135.59525 -0.0434764904016037  0.0289432946439659  0.0489449395554768 -0.0474886703874032 0.164932296635809 -0.05783239663601 -0.983462036690085
1463226135.78531 -0.0104195031156646  0.0570900239721356  0.0146201886206724 -0.066986717696257 0.151644342700566 -0.0548187437821824 -0.984637841193065
1463226135.97446  0.0191362982387435  0.0913610034821504 -0.0209123760069832 -0.0524948718602344 0.159973931672459 -0.0530942835608951 -0.984293465723911
1463226136.16925  0.0494739785722114   0.121293576145525 -0.0408168952335027 -0.0338468839550316 0.152401520522211 -0.0548057670251871 -0.986217264546628
1463226136.35387  0.0814655053594973   0.138418752271489 -0.0370825847716626 -0.0100240008581777 0.13223714262456 -0.0691483132689215 -0.98875243023183
1463226136.54353   0.113324295623294    0.13899309120253 -0.0127948213108711 0.00518639440949742 0.121150848376667 -0.0829278012553575 -0.989150419819754
1463226136.73407  0.140823668486543  0.123563528867118 0.0197051159752457 -0.0123986796800669 0.120258618331934 -0.0919954513788603 -0.988393127447113
1463226136.92309  0.156196847067249  0.101660869542044 0.0471459292237314 -0.000644197528709796 0.128146747079873 -0.0906535676423901 -0.987603122157933
1463226137.11244  0.157572597779918 0.0708242275551649 0.0777908360706949 0.00900982727735519 0.11754197778282 -0.101850951381874 -0.987790003074511
1463226137.25461  0.150487684492079 0.0391013167054567  0.103450922989529 0.00865206844210792 0.113398565510447 -0.111132966861621 -0.987276744752139
1463226137.39696   0.133927169102525 0.00628603605509387   0.134545374266415 0.00291713103846144 0.120621826957074 -0.108419126810073 -0.986755875660127
1463226137.53948   0.115318380194664 -0.0234559070543532   0.170692741682114 -0.000520759068395168 0.129117242112112 -0.106704074170471 -0.985871546985092
1463226137.68145  0.0986733214537346 -0.0564458412523119   0.205322362129047 -0.0198287930810681 0.126166283839041 -0.0949903210228018 -0.987251602530571
1463226137.82722  0.0835550902722658 -0.0793817422883213   0.236382782927963 0.00333144806111597 0.13021023057858 -0.0804500426366297 -0.988211509721605
1463226137.96655  0.0703814992404334 -0.0992715590160238   0.267019222555142 0.0276621494292713 0.138893468373549 -0.0796131096802785 -0.9867143267933
1463226138.10823 0.0612804090364498 -0.119978506318628  0.300064588279212 0.0329379119832057 0.14067362879676 -0.0814972651253175 -0.986146145301208
1463226138.25065 0.0554757747740554  -0.14372956940549  0.332566517731175 0.0459538054339119 0.144373459631972 -0.0647682302298204 -0.986331398807183
1463226138.39287 0.0526154523831188 -0.174213370310602  0.359915948109831 0.0448108340189431 0.146938750331193 -0.0623565894391713 -0.986160559219009
1463226138.53509 0.0477187685365967 -0.197105531524234  0.378359400588589 0.0356663069330946 0.146588706782711 -0.0650600975076609 -0.98641109549002
1463226138.72478 0.0303367862328171 -0.213038474754784  0.382379035222573 0.0151415492924454 0.170733162795657 -0.0652675662346029 -0.983036655168376
1463226138.91437 0.0103837875627687  -0.21072497097068  0.359507123101509 -0.00607851245436701 0.181468860397806 -0.0656275129963489 -0.981185575683916
1463226139.05692 -0.00320093964865251   -0.194811334919369    0.327195475161326 -0.0140468247143192 0.195698647228989 -0.0662100454954911 -0.978325587963268
1463226139.19894 -0.0136334123300265  -0.170529716939013   0.284420234618733 -0.0200169955740904 0.204898926900279 -0.0650495775905047 -0.976414001383941
1463226139.34138 -0.0196923719889497  -0.140333503522997   0.236976689482514 -0.0183580062223456 0.211417242466222 -0.0614717655659396 -0.975288139594512
1463226139.48361 -0.0194657494153218  -0.107320012618202   0.190418578959863 -0.0134296720198789 0.210298173169258 -0.061726397442407 -0.975594267167398
1463226139.62596 -0.0197431383393356  -0.075323567147274   0.147462271293362 -0.00691738998630215 0.21486193586525 -0.063530251712189 -0.974551386715652
1463226139.768 -0.0188892450081928 -0.0472159366603934   0.107350632841693 -0.018914625255344 0.221921057152002 -0.0548683743421469 -0.973335883876187
1463226139.9102 -0.0155531375038688 -0.0180687376973307  0.0717908725461948 -0.0319923023644938 0.23299078626952 -0.0351600933081316 -0.971316402590574
1463226140.05245 -0.00610470018152508   0.0107627652003962   0.0385693522948912 -0.0338831953667683 0.233640422389169 -0.0209050828150829 -0.971507622003061
1463226140.24224   0.0146036253880279   0.0462123512866407 -0.00759968109711454 -0.0336075565088644 0.229545894219984 -0.0159491059557337 -0.97258667511511
1463226140.43387  0.0404052302850293  0.0791061870618339 -0.0565959152190307 -0.0335608644913596 0.228920423761669 -0.0256284655929243 -0.972528811763807
1463226140.86127 0.0830997228171579  0.142793666767889 -0.156389548506433 -0.0169290166871767 0.215273707785021 -0.0350849047609168 -0.975776454208859
1463226141.38196  0.110621300671891  0.211609429587761 -0.222071304883618 -0.0126348868136626 0.163179075428972 -0.0515406230829307 -0.985168266414208
